GRADES:

Adam Smith 95.0 85.0 87.0 79.0 74.0 0.84 100.0 100.0 100.0 95.0 89.0 0.968 95.0 89.0 98.0 100.0 92.76 A 
Leila Thornton 100.0 100.0 95.0 98.0 100.0 0.986 98.0 98.0 97.0 100.0 100.0 0.986 98.0 94.0 100.0 100.0 97.84 A 
Cassie Fertz 75.0 45.0 0.0 100.0 85.0 0.61 100.0 65.0 75.0 100.0 98.0 0.876 75.0 80.0 85.0 80.0 77.22 C 
Alex Hess 80.0 85.0 90.0 98.0 95.0 0.896 80.0 95.0 75.0 78.0 90.0 0.836 84.0 85.0 100.0 95.0 87.94000000000001 B 
Nina Williams 65.0 84.0 100.0 0.0 0.0 0.498 85.0 100.0 65.0 0.0 0.0 0.5 80.0 80.0 75.0 80.0 67.46000000000001 D 
Ned Ralph 65.0 54.0 85.0 75.0 75.0 0.708 75.0 70.0 78.0 80.0 82.0 0.77 79.0 80.0 100.0 80.0 79.36000000000001 C 
Herman North 75.0 45.0 0.0 75.0 85.0 0.56 75.0 50.0 78.0 80.0 82.0 0.73 55.0 60.0 50.0 80.0 61.80000000000001 F 
John Brown 85.0 0.0 0.0 0.0 0.0 0.17 75.0 0.0 0.0 0.0 0.0 0.15 0.0 0.0 20.0 0.0 8.4 F 
Joey Johnson 80.0 85.0 90.0 98.0 95.0 0.896 100.0 100.0 100.0 95.0 98.0 0.986 80.0 80.0 95.0 95.0 88.64000000000001 B 
Kelly Adzuki 69.0 85.0 75.0 60.0 95.0 0.768 75.0 70.0 78.0 80.0 82.0 0.77 70.0 80.0 82.0 100.0 78.96000000000001 C 
