Adam Smith 
95.0 85.0 87.0 79.0 74.0 100.0 100.0 100.0 95.0 89.0 95.0 89.0 98.0 100.0
Leila Thornton 
100.0 100.0 95.0 98.0 100.0 98.0 98.0 97.0 100.0 100.0 98.0 94.0 100.0 100.0
Cassie Fertz 
75.0 45.0 0.0 100.0 85.0 100.0 65.0 75.0 100.0 98.0 75.0 80.0 85.0 80.0
Alex Hess 
80.0 85.0 90.0 98.0 95.0 80.0 95.0 75.0 78.0 90.0 84.0 85.0 100.0 95.0
Nina Williams 
65.0 84.0 100.0 0.0 0.0 85.0 100.0 65.0 0.0 0.0 80.0 80.0 75.0 80.0
Ned Ralph 
65.0 54.0 85.0 75.0 75.0 75.0 70.0 78.0 80.0 82.0 79.0 80.0 100.0 80.0
Herman North 
75.0 45.0 0.0 75.0 85.0 75.0 50.0 78.0 80.0 82.0 55.0 60.0 50.0 80.0
John Brown 
85.0 0.0 0.0 0.0 0.0 75.0 0.0 0.0 0.0 0.0 0.0 0.0 20.0 0.0 
Joey Johnson 
80.0 85.0 90.0 98.0 95.0 100.0 100.0 100.0 95.0 98.0 80.0 80.0 95.0 95.0 
Kelly Adzuki 
69.0 85.0 75.0 60.0 95.0 75.0 70.0 78.0 80.0 82.0 70.0 80.0 82.0 100.0